001058
001198
000478
000924
000369
000041
000915
000672
000175
000601
000573
000282
000523
000313
000651
000022
000758
001252
000010
000925
000159
000840
001179
001121
001159
000652
000328
000656
000702
001186
000120
000937
000567
000931
000671
000467
000695
000772
000836
000918
000953
000871
000255
000687
000462
000038
000811
000236
001319
001008
000932
000704
000341
000212
000026
000667
000148
000440
000382
000398
001313
000137
000317
000057
000372
000045
000192
000994
001205
000194
000256
000563
000380
000437
000583
000087
000095
000943
000810
001162
000465
000390
000537
001018
001211
000916
001127
000023
001261
000689
001084
000270
000288
000979
001108
000401
000210
001063
000572
000790
000350
000088
000144
000993
000606
000629
000673
000368
000200
000142
000963
000442
000774
000311
001259
000684
001132
000161
001243
001258
000218
000929
000453
000812
000421
001002
001000
000224
001125
000874
000920
000669
000188
000456
000813
000097
000878
000610
000511
001097
000152
000174
000211
001067
000156
000784
000644
000357
000113
000112
000125
000808
000682
000553
000006
001102
000133
000359
000752
000756
000639
001225
000337
000190
001166
000607
000205
000034
000145
000615
000289
000064
000171
000545
000083
000280
000557
000301
000800
000955
000168
001222
000599
000352
000176
001245
000347
000661
000298
000676
000895
000731
001203
000987
001052
000991
000126
000976
000109
001277
000872
000896
000485
000163
001236
001131
000626
000506
000530
000315
000472
000187
000938
000930
000053
000540
001019
000696
000505
000802
000054
000307
000103
001009
000072
000950
001041
000460
001123
001095
001111
000750
000085
000732
001311
001212
000295
000584
000952
001038
000582
000513
000765
000235
000678
000776
000281
000123
000794
000739
000571
000138
000795
001276
000098
000668
000228
001165
000796
000827
001103
000681
000304
000875
000665
001210
001315
001199
000406
001042
000574
000512
001327
001168
000590
001176
000361
001267
000863
001273
001310
000890
001235
000638
000136
000195
001246
000348
000679
000404
000889
000995
000815
000065
000209
001181
000914
001172
000604
001260
000020
001118
000127
000364
000474
000216
000798
000356
000745
000247
000355
001034
001012
000009
001101
000842
000762
000080
000857
000801
000603
001087
000387
001185
000342
000378
000332
000843
000549
000680
000851
000510
000070
000249
001281
000997
001027
000730
000643
000919
000907
001139
001239
001209
000245
000336
001082
000432
000237
000757
000036
000839
001290
001309
000500
000410
000242
000330
000392
000547
000468
000062
000439
000441
000334
000507
000262
000043
001317
000677
000631
001280
000408
000760
000296
001171
000618
000502
000714
000873
000867
000122
000320
001050
000509
000182
001275
000389
000926
000508
001237
000338
000094
000413
001177
001224
000040
000807
000233
000075
000632
001080
000495
000986
000712
000821
000881
001078
000725
000515
000691
000614
001164
000383
000536
000735
000450
001173
001045
001184
000849
000318
000922
000923
000708
000554
000959
000197
001217
000551
000854
000297
000558
000647
000178
000470
001228
000329
000091
000517
000181
001090
000215
001137
000740
000263
000300
000711
000066
000743
001135
000949
000397
000764
000969
000452
000119
000433
001326
000646
000958
000904
000548
000428
000110
001151
000374
000860
000911
001140
000269
000419
000870
000316
001138
000279
001240
001141
001278
000600
000455
000501
000956
001160
000185
001253
000781
000052
001249
000011
000461
000107
000751
000048
000625
000921
000791
000934
000067
000768
000150
000051
000367
000844
000825
000767
001263
000154
000391
000104
000172
000303
001120
000140
000847
000202
001029
000086
000388
000527
000535
000225
000778
001146
000579
000780
001013
000859
001189
000846
000906
000518
000129
000089
000425
000738
001091
000207
000366
000093
000532
000201
000266
001016
001124
000324
000464
000033
000226
000344
000491
001022
001202
000436
001316
001001
000449
000692
000246
000630
000139
000114
001112
001053
000015
000272
000395
000701
000927
000206
000769
000591
001306
000477
001244
001098
001074
000490
000892
000862
000343
001116
000613
000596
000019
000539
001128
001190
000349
000400
000333
001266
001257
000989
000416
000135
000162
000016
000697
000887
000117
000999
000475
000177
000978
001089
000899
001064
001056
001322
000503
001272
000305
000032
001156
001300
001122
001234
000726
000653
001149
000580
001262
000198
000373
000637
000319
000179
001088
001040
000017
000724
000753
000184
000880
000418
000239
000528
000025
001133
000909
000099
001169
000446
000260
000106
000018
000351
000797
001144
000856
001196
000788
000546
000650
000961
000294
000605
001214
000116
001130
001283
001079
000792
000816
001062
001291
000102
000060
001113
000284
000620
000971
000047
000912
000984
000243
000594
000819
000277
000640
000635
000002
000941
000143
000409
000164
000992
000894
000622
000268
000782
000498
000675
000747
000251
000457
000312
000339
000044
000803
000219
001191
000412
000169
000648
000090
001021
000809
000186
001073
000967
000377
000974
000448
000258
000363
000928
000221
001254
001223
000977
000641
000634
001081
001232
000076
000817
000167
001287
000128
000723
000565
000694
000759
000230
001119
001092
000988
000039
000877
001167
000585
000327
000386
000063
000003
000035
000917
000710
000193
000149
000973
000244
000837
000683
001051
000707
001219
000203
000438
000766
001247
000458
000157
000375
000481
000290
000310
000434
000231
001017
001274
000402
000617
001068
001255
000942
000234
001083
000424
000777
000299
000749
001161
001093
000786
000713
000621
000531
001269
000489
000362
001023
001014
000970
